265
420
530
588
830
295
385
858
429
449
430
496
368
310
510
816
730
320
480
360
360
450
470
510
409
238
430
315
168
130
329
390
410
532
440
245
199
265
955
436
720
830
329
357
560
225
68
325
635
360
389
252
266
428
358
620
385
275
299
208
130
295
236
305
318
159
305
360
545
580
500
750
1060
328
279
273
365
340
389
1200
299
290
330
625
350
283
445
320
239
610
420
360
518
300
270
550
588
508
500
970
908
398
430
345
248
660
1130
115
388
251
285
365
175
292
165
408
980
328
385
278
298
340
330
1225
416
3280
295
369
417
751
345
315
328
510
271
265
890
412
1050
1650
1180
355
600
470
830
899
380
1500
310
510
385
236
870
700
650
478
380
219
266
290
248
485
549
238
226
299
585
283
765
180
256
388
455
425
115
680
338
1000
148
616
455
425
356
380
328
540
520
410
280
1220
420
530
550
353
275
365
695
315
230
463
240
240
237
1680
452
1230
370
305
360
285
292
228
375
405
270
192
576
495
245
120
247
1754
225
465
157
475
235
650
760
900
935
320
274
458
475
220
370
722
154
536
105
435
280
975
225
398
400
638
279
430
160
530
320
335
1060
148
355
378
485
508
235
181
282
460
258
520
485
455
1250
400
536
415
398
298
465
635
720
116
370
210
285
535
80
780
190
215
1030
342
678
440
251
420
548
720
310
268
615
415
315
345
330
515
338
370
249
390
275
209
670
430
235
608
788
415
405
395
260
456
269
440
459
375
285
429
515
175
550
320
720
325
460
385
165
478
459
353
265
580
345
970
1560
1404
1360
315
1680
229
610
265
312
325
220
302
225
2300
806
285
365
268
390
486
928
599
280
739
415
410
355
386
379
325
370
305
444
510
550
543
1040
330
898
485
460
520
599
348
265
495
352
390
186
305
385
399
330
430
175
262
530
295
215
390
878
420
684
468
759
799
856
285
450
525
235
530
530
515
160
308
1000
240
335
415
236
205
758
296
280
490
400
318
758
288
338
560
380
283
570
323
270
630
279
332
245
380
450
940
565
515
650
245
520
480
615
1450
176
860
420
216
780
418
298
360
220
590
443
150
478
277
1199
425
410
216
415
289
240
468
419
650
243
470
520
430
250
350
480
610
195
540
389
225
211
480
525
202
320
295
220
530
630
405
400
405
330
560
552
960
195
993
388
916
156
240
320
349
701
405
185
425
328
465
355
335
215
250
225
281
294
353
365
250
450
519
235
363
439
271
388
620
260
845
388
490
390
410
255
465
385
343
230
368
435
309
1380
770
820
425
78
305
451
363
275
355
370
380
309
1050
290
490
218
370
380
398
260
375
312
160
620
268
375
100
735
539
628
330
320
385
570
1088
315
358
330
548
359
888
315
359
380
588
320
248
606
525
1628
267
530
369
535
410
845
85
458
1168
345
127
441
433
375
293
320
310
459
385
525
420
269
430
344
800
247
340
235
145
1350
479
250
418
279
186
550
273
530
420
700
465
1111
431
380
315
204
780
350
390
550
338
465
430
368
257
365
600
578
319
460
654
762
3200
525
439
520
768
488
548
545
690
189
289
380
448
220
435
210
280
385
595
420
880
1860
280
170
638
295
195
420
550
680
265
288
355
400
195
420
365
420
285
525
278
310
530
340
128
242
488
1100
260
265
482
749
556
748
225
430
490
875
428
229
305
295
445
696
275
2080
198
270
148
1780
332
263
695
338
188
305
355
183
325
415
293
248
540
430
535
1236
298
468
365
490
380
306
1880
379
249
442
272
258
414
480
275
385
200
259
488
708
330
258
409
530
380
630
1117
272
310
574
210
398
530
470
588
600
550
280
365
330
626
818
610
239
327
285
1150
345
586
220
298
249
204
175
330
480
250
345
325
168
348
515
999
318
330
480
604
219
479
630
308
305
440
394
290
399
250
346
570
430
384
176
489
330
365
454
270
330
375
720
1780
295
300
450
810
1180
658
540
345
360
453
435
450
1330
445
548
520
378
426
755
530
415
352
2200
571
285
403
1088
280
388
320
538
221
325
350
860
448
388
580
205
425
1470
745
380
168
375
665
598
360
530
520
253
780
610
430
295
468
145
535
234
423
495
465
255
267
404
1200
515
475
348
278
530
545
330
325
270
642
255
990
270
285
446
490
427
244
451
178
480
314
195
330
208
485
580
285
175
739
800
690
264
590
259
254
258
338
1010
620
418
428
638
270
369
215
660
499
405
298
275
528
420
190
410
274
784
405
275
850
370
255
430
550
1150
550
450
430
355
500
282
450
163
445
263
290
349
249
315
295
145
245
650
603
399
410
285
449
630
476
350
368
230
289
490
480
343
1220
153
530
665
358
472
440
518
420
475
508
339
689
282
425
280
270
1318
460
350
338
240
375
446
329
405
368
313
636
440
252
250
570
323
295
577
355
330
580
395
970
928
535
267
210
1050
1199
381
1436
370
440
502
278
315
280
480
561
470
650
404
359
550
335
456
236
349
580
560
340
250
450
362
155
435
598
620
720
931
285
245
440
545
575
389
643
560
240
105
362
360
420
230
610
190
395
260
350
635
590
607
725
260
305
329
1400
225
410
425
940
415
675
220
418
245
251
600
348
550
375
820
1530
860
368
248
978
195
650
1260
375
708
356
398
296
376
617
350
425
479
487
909
199
310
1430
230
478
242
580
300
225
348
210
439
235
238
615
218
268
315
230
240
430
330
826
438
462
428
408
328
235
599
205
264
790
229
430
460
320
688
485
396
451
380
460
550
417
470
395
338
310
280
640
320
690
365
475
320
329
860
310
273
768
138
750
355
720
206
381
570
420
1050
526
550
1313
598
320
499
328
305
498
640
410
430
699
1609
184
299
398
530
335
208
320
205
275
249
355
330
420
298
375
890
386
315
235
172
426
1465
438
145
925
188
195
940
410
256
280
375
499
235
406
550
235
380
270
535
65
768
352
360
375
530
628
365
315
234
439
928
920
255
93
730
248
348
251
313
288
690
375
588
540
815
467
210
215
400
320
230
332
610
325
420
475
205
420
745
642
1265
507
705
685
246
203
279
408
280
304
410
158
245
199
255
430
336
408
530
691
152
560
465
635
239
485
395
438
550
595
1310
288
90
635
328
265
534
385
983
747
1400
398
1150
480
1035
348
554
505
629
245
320
568
303
175
193
316
495
420
348
232
335
306
595
230
258
360
340
399
1040
430
330
236
378
550
236
520
290
343
310
340
714
399
335
950
318
393
395
404
623
856
470
440
188
540
910
345
810
319
870
285
395
279
395
348
248
250
395
640
1318
346
220
132
470
199
428
290
370
213
155
179
600
1050
481
235
1390
490
472
220
815
540
1398
350
151
368
290
417
335
283
315
458
490
198
399
215
112
410
268
282
282
292
155
225
385
415
445
385
280
212
780
910
225
245
250
258
730
360
335
215
1295
375
208
162
299
218
530
298
292
283
585
898
346
430
450
275
650
535
420
438
266
365
321
330
178
260
210
369
198
300
260
365
285
365
458
223
415
585
525
290
325
490
339
530
432
215
430
899
355
345
240
850
386
335
826
450
275
350
638
555
279
840
369
1080
220
1230
365
398
173
350
310
920
565
413
252
630
550
275
698
838
560
1590
300
318
260
295
470
320
525
399
339
418
399
280
415
429
470
288
210
310
361
1090
455
270
407
495
890
640
455
580
890
695
813
294
196
960
280
510
376
860
150
425
400
385
365
242
360
265
268
320
340
410
175
412
1560
333
226
1251
798
436
154
691
258
318
376
300
720
115
1120
458
363
205
488
520
170
159
406
449
229
442
398
165
215
845
348
166
485
165
287
285
606
610
790
379
218
368
182
1550
311
535
175
680
470
339
204
245
315
398
403
225
598
768
230
160
330
630
320
115
205
415
280
421
530
410
1254
2980
469
460
738
518
263
560
315
365
275
285
170
535
385
378
315
455
169
556
435
369
340
580
591
377
710
326
420
435
325
352
285
616
365
439
365
435
310
240
180
275
820
333
418
269
499
295
419
300
1299
480
590
348
537
520
260
150
480
568
230
268
235
336
226
400
608
495
225
258
659
367
505
470
370
586
388
435
1245
430
560
1100
455
430
469
262
595
460
315
1150
336
670
385
318
1000
258
487
323
400
430
325
152
260
364
633
1038
538
285
460
535
650
300
248
350
698
469
437
121
265
298
320
450
465
435
873
1095
435
352
285
235
285
220
1735
264
420
365
369
540
215
365
391
865
216
418
345
248
540
899
380
525
409
438
455
305
315
719
277
400
510
640
393
730
1000
562
259
365
360
724
1100
580
395
340
278
475
239
230
529
538
213
370
738
1698
1289
265
930
628
480
485
1180
310
290
287
224
215
995
430
470
485
477
320
210
608
780
458
680
1044
435
375
780
1166
280
710
396
288
630
799
420
275
370
439
610
290
375
433
413
280
305
210
308
212
800
350
462
460
375
348
380
340
380
798
290
799
198
1350
290
140
1480
430
1055
638
470
490
560
790
517
313
328
283
600
762
230
171
268
235
265
450
1160
540
69
398
368
720
285
558
438
315
165
328
505
545
338
770
480
415
450
245
470
1470
359
438
285
229
650
680
270
530
343
298
430
234
620
560
309
182
480
237
230
327
174
538
290
350
900
262
265
168
458
1960
390
899
165
450
330
370
765
340
386
465
443
550
545
157
660
458
308
447
285
650
275
310
198
455
285
360
430
145
518
960
224
295
215
450
350
328
425
495
335
280
405
225
324
320
460
258
238
165
390
362
358
598
418
760
347
809
285
490
167
560
455
680
450
268
155
350
510
385
615
340
450
450
390
1460
380
355
350
331
272
370
260
680
640
345
1380
530
867
287
770
491
920
460
350
618
399
305
170
510
435
187
356
565
335
942
230
145
288
339
319
745
370
535
310
352
358
355
295
285
174
410
386
550
2870
440
455
443
576
390
969
385
447
345
530
465
270
203
390
380
390
385
388
515
238
349
168
395
379
385
165
269
380
267
185
370
510
630
278
475
448
275
698
985
486
285
928
1150
490
355
275
130
740
505
511
408
345
369
1698
978
424
195
360
505
310
258
385
250
215
520
252
298
235
443
199
515
452
780
598
343
385
250
318
425
528
530
365
545
355
249
218
253
585
1183
390
480
1620
988
152
389
335
179
312
340
340
666
700
210
588
452
299
114
660
396
150
340
465
345
310
660
259
660
228
182
318
621
292
215
406
540
586
345
315
385
395
148
1150
679
318
239
825
160
248
760
520
371
570
355
205
320
1014
1416
293
704
310
345
235
390
485
420
580
478
335
347
248
358
414
439
325
690
236
285
218
400
1050
1037
273
468
696
464
425
145
715
335
262
558
410
466
520
150
630
470
379
340
275
310
1221
485
417
610
528
378
456
770
249
510
168
810
818
1100
218
405
670
430
355
329
330
285
625
355
377
810
648
275
560
265
256
249
280
830
313
1250
315
350
418
165
303
474
280
262
398
535
235
338
1031
376
465
280
517
205
1060
1078
355
218
508
345
405
495
275
628
343
282
645
483
395
305
1620
395
335
1030
318
448
368
410
530
350
538
308
193
270
362
630
430
198
310
445
174
938
530
620
385
535
585
509
478
325
435
345
750
284
772
455
268
515
216
189
250
392
600
258
475
335
687
550
475
1230
241
422
450
233
383
542
660
258
398
268
306
640
552
448
1100
255
175
298
321
255
1245
335
273
180
288
360
580
760
478
928
388
310
280
256
1750
515
630
280
395
528
239
238
360
530
650
238
365
1040
420
355
270
435
790
325
530
535
405
280
520
1280
435
430
399
84
280
320
428
312
388
610
430
370
359
200
765
665
329
390
291
690
653
492
365
265
768
536
390
469
348
460
468
280
293
428
528
168
348
181
535
125
380
241
298
405
385
490
315
307
300
228
398
317
276
675
253
398
1282
649
1050
285
395
475
515
309
365
485
348
276
1520
699
46
255
688
652
332
610
1050
415
195
285
190
306
468
190
101
1850
485
398
890
180
290
360
1350
466
660
485
475
187
358
399
1360
436
380
240
450
930
274
278
558
521
395
485
285
482
629
391
310
509
495
1580
220
383
262
499
983
512
528
465
411
166
480
215
385
325
325
260
429
380
363
138
550
378
340
410
320
262
998
370
455
488
861
350
370
230
400
280
985
530
340
430
798
735
523
441
935
568
475
630
169
503
375
478
1178
320
338
338
386
332
355
288
305
262
345
385
490
1200
270
445
598
650
286
238
265
366
189
250
285
235
290
187
750
347
481
1012
409
188
2230
812
392
380
252
157
874
265
415
1550
615
339
465
1080
786
370
1336
350
428
174
620
1100
1185
590
405
405
179
435
132
512
370
435
350
397
398
325
280
245
730
560
840
226
240
568
1050
235
1250
562
399
577
390
1749
310
202
565
324
580
249
270
485
420
445
119
267
335
632
1750
1398
979
286
323
275
175
370
660
1488
455
850
130
149
560
420
2880
335
380
586
896
311
513
709
180
216
445
408
520
177
220
359
795
344
1010
999
849
540
168
487
359
266
365
235
430
598
255
390
615
3314
358
258
405
569
423
640
463
318
423
178
320
258
280
530
445
670
270
589
980
640
310
638
378
225
1215
440
216
280
660
850
325
1318
365
425
285
475
480
590
363
424
594
265
445
538
300
508
205
315
365
329
710
497
558
1360
754
290
1690
230
405
3980
712
303
395
370
488
710
727
680
225
210
419
206
560
336
660
1247
475
1320
599
1060
278
315
285
326
1100
438
399
925
1800
345
405
428
835
890
635
480
306
320
650
525
739
635
375
998
465
608
348
193
697
388
568
184
770
299
620
420
330
970
170
346
246
458
388
285
565
718
365
360
895
479
220
288
278
1638
175
242
510
316
385
650
687
276
330
626
409
466
440
205
810
579
375
249
538
950
388
379
299
481
230
836
1063
600
540
388
495
600
485
1550
779
433
420
249
405
425
345
489
209
688
770
437
397
428
742
320
455
731
1520
690
465
352
440
518
755
578
865
675
283
360
770
349
363
528
910
398
565
550
465
468
880
252
650
960
452
314
310
546
440
980
260
339
562
378
760
850
1280
305
1060
440
650
675
1158
325
648
628
386
1780
679
700
460
448
985
413
663
379
550
870
615
859
910
168
949
575
388
597
454
376
615
296
437
530
839
485
515
298
650
420
1250
420
842
720
430
440
280
415
980
308
515
650
255
476
290
419
375
275
705
1010
630
580
740
498
560
1190
618
429
798
568
315
615
65
550
935
475
699
565
269
270
705
900
1490
990
480
339
649
900
878
569
526
880
660
208
335
425
595
480
273
1435
343
630
630
110
1450
106
685
229
364
160
145
850
800
330
473
948
363
285
449
240
255
460
255
333
610
430
288
855
978
245
435
808
290
810
259
245
566
525
443
248
880
980
308
640
450
468
850
485
207
360
259
578
818
369
428
432
695
630
540
768
760
645
205
408
380
1150
448
588
478
305
428
280
300
498
560
223
1080
368
1080
418
200
950
668
370
1190
665
137
336
509
798
737
709
935
625
2350
835
352
635
158
450
700
545
269
459
299
605
610
957
965
488
358
499
999
755
265
1050
1318
415
930
600
303
230
586
745
346
850
320
1650
565
169
1130
365
396
140
295
1180
322
335
549
560
455
535
380
218
292
495
395
229
335
528
755
526
568
375
618
303
625
560
220
418
297
506
315
410
439
1040
550
429
410
458
328
418
420
226
745
628
499
610
440
550
399
298
759
520
580
755
368
760
467
1350
369
200
658
620
730
215
348
729
450
663
263
605
350
326
198
660
170
383
435
266
636
303
595
950
980
325
585
539
695
190
585
920
350
410
330
1450
380
582
1099
223
530
630
2050
418
435
380
376
495
319
630
390
876
545
358
245
405
850
380
580
310
570
630
575
355
916
199
398
710
580
364
550
630
678
870
415
159
618
300
348
208
399
173
612
380
505
660
560
338
382
1100
510
655
495
880
559
729
1106
220
1200
568
520
495
269
402
470
328
860
375
735
595
190
259
309
535
598
588
578
349
140
355
318
458
855
1500
570
485
809
366
192
328
313
345
360
648
559
660
465
300
448
280
970
540
244
640
660
459
379
440
510
698
405
221
1860
139
1150
165
535
190
575
370
510
385
506
1199
469
398
325
330
638
580
208
435
229
292
528
519
480
258
1180
1100
468
425
425
650
199
420
235
452
334
675
510
950
190
260
440
251
835
616
316
199
1580
640
465
375
560
446
538
650
470
1110
398
480
418
369
520
316
536
585
839
650
282
430
509
203
405
308
515
900
238
435
728
368
429
1190
520
189
788
388
399
1880
265
690
530
1230
228
412
958
220
937
352
630
436
455
239
260
485
278
165
469
1220
416
355
1120
795
630
845
529
208
328
558
910
516
620
638
1075
908
639
610
240
295
370
279
308
950
290
338
678
400
750
880
618
408
842
406
520
215
278
219
1139
435
208
629
540
380
895
549
599
465
460
298
245
343
305
539
988
215
230
467
745
868
432
655
192
519
345
590
788
263
310
580
439
175
916
340
209
990
492
395
435
560
289
407
235
585
368
560
320
288
640
650
470
1450
488
625
329
340
410
758
375
850
720
281
650
450
386
850
730
1180
420
395
495
397
470
428
448
325
849
630
1850
583
450
302
1229
318
542
372
478
296
620
929
1150
850
378
336
227
390
368
369
429
359
1180
437
203
588
495
475
815
430
1010
105
699
255
496
368
428
570
322
610
365
660
616
337
358
289
580
498
1492
329
308
370
470
895
305
218
849
476
320
345
295
315
245
799
345
415
2250
1100
800
865
695
315
526
650
282
520
252
484
498
435
546
215
689
458
420
465
161
505
638
447
729
475
400
429
859
126
299
285
185
482
660
465
365
410
439
815
495
420
265
750
1120
229
195
326
1020
338
437
369
230
285
1199
108
525
530
605
258
438
430
190
468
580
260
785
423
185
199
968
535
680
460
528
456
565
390
860
388
510
255
332
540
416
849
520
580
200
628
509
422
525
680
437
308
929
1280
299
630
455
1099
668
459
625
565
849
510
1472
520
425
298
1298
538
600
330
445
540
683
725
760
429
610
935
760
689
260
297
345
295
420
468
339
645
232
370
675
675
219
478
450
182
265
368
680
276
260
259
185
450
613
480
275
525
365
260
645
235
470
498
830
670
180
88
400
980
237
322
1135
175
368
568
580
645
305
585
728
319
293
420
406
568
628
540
550
599
385
290
329
325
286
825
595
330
409
495
279
506
550
558
197
720
715
805
365
375
445
595
658
890
279
525
280
868
1700
316
1068
738
910
635
585
398
370
568
182
1248
660
432
305
800
478
780
305
638
1299
475
450
475
1369
406
455
398
725
1451
539
459
248
880
460
1450
273
369
350
430
205
350
225
558
800
488
323
695
1250
548
328
810
390
999
275
510
489
1480
465
496
526
418
599
420
798
630
300
530
1320
760
190
399
718
535
442
308
368
420
508
280
245
569
616
525
630
273
295
1250
536
458
392
180
889
329
263
410
883
638
645
365
158
425
158
325
425
428
435
442
280
208
388
280
790
1280
290
1820
190
426
328
209
785
355
488
670
435
370
413
878
199
798
408
283
1820
479
299
659
460
176
550
251
215
439
579
509
808
316
510
425
425
429
430
798
445
430
485
398
490
190
329
630
265
840
880
269
810
1088
335
388
225
625
699
245
319
349
365
435
715
840
525
203
356
758
438
588
348
425
189
269
275
529
246
1340
990
559
1399
540
205
630
320
289
435
525
369
700
660
328
1480
295
535
348
320
785
2750
576
605
259
418
798
420
1000
289
226
385
165
360
590
638
471
393
385
345
696
350
323
638
330
372
590
530
450
446
309
567
270
272
606
230
204
323
439
698
420
295
350
1500
765
132
385
450
294
333
420
280
379
609
248
505
408
248
1499
508
236
395
283
798
715
760
2168
935
396
268
750
2320
570
252
705
349
530
1200
199
369
458
385
355
518
345
940
380
740
409
278
395
455
295
478
1169
628
366
256
199
618
398
715
235
580
365
588
286
560
299
885
775
350
455
599
478
650
309
1250
580
378
429
308
248
1830
615
430
440
409
550
329
199
220
599
1310
560
800
480
248
310
160
395
960
545
756
939
580
426
505
538
375
570
335
259
310
629
308
705
428
365
1200
1480
680
289
600
390
640
268
593
728
318
220
1165
488
676
715
530
206
598
540
335
300
177
420
258
840
240
305
159
518
275
218
303
845
880
379
860
820
606
415
488
325
550
400
425
1160
628
518
368
475
1065
498
248
338
407
899
255
520
355
265
345
355
252
263
560
826
339
480
255
138
262
885
398
518
249
178
662
195
388
1020
155
326
329
920
745
385
405
388
418
430
355
612
638
478
360
200
570
359
1060
320
476
365
880
369
555
675
633
158
652
635
1068
749
535
376
905
3050
860
399
279
323
230
385
439
1180
479
428
411
536
327
535
333
930
360
1030
1250
290
530
183
232
575
475
236
312
450
499
406
448
780
425
770
432
475
636
648
238
186
287
502
489
467
569
1250
1565
203
246
335
325
359
485
760
220
955
859
790
318
589
330
750
390
1298
579
397
1130
455
385
535
800
880
1313
510
415
523
550
435
558
1500
188
374
725
627
268
508
328
1490
415
316
605
219
558
353
325
375
595
355
1160
339
315
520
468
380
1130
925
460
706
956
1000
758
302
310
808
415
651
810
450
1100
688
269
1100
620
305
229
710
640
550
147
185
460
970
515
318
185
598
796
534
1845
800
375
390
395
485
625
495
255
970
468
508
595
968
715
810
289
720
745
972
330
179
348
629
659
409
490
330
518
193
160
216
570
469
429
625
1320
199
615
538
649
419
705
455
965
728
283
795
830
350
333
419
569
527
678
719
570
329
243
560
415
715
598
565
545
325
408
850
238
303
279
972
72
839
260
593
1158
748
285
580
569
360
608
245
335
330
615
317
1880
715
266
509
652
520
925
239
243
539
360
485
435
519
475
788
185
445
428
318
1100
268
283
485
288
295
575
638
292
630
430
829
999
338
799
398
350
210
366
660
678
450
410
560
399
259
458
588
599
298
482
336
593
666
1086
260
265
208
520
734
980
348
750
470
1190
1099
478
495
425
878
340
765
449
1150
1860
228
648
460
314
698
1080
485
515
476
443
255
405
439
860
532
720
700
850
378
618
430
770
878
215
352
730
820
295
855
262
890
183
798
335
449
368
555
625
315
565
565
328
303
870
455
1200
600
349
1250
460
1129
840
777
980
588
426
698
575
475
680
238
310
529
425
305
345
679
600
530
202
489
248
568
190
1550
135
1286
385
479
498
289
287
498
338
888
298
239
565
282
195
718
415
240
258
470
980
415
716
319
260
516
219
1325
415
592
449
369
659
272
760
469
287
265
778
513
730
260
535
558
2330
345
440
475
835
360
499
1035
435
540
368
494
359
335
399
162
415
575
675
355
480
568
558
586
312
1750
419
238
635
566
435
515
415
580
299
725
338
468
888
399
1060
312
1180
370
279
580
256
325
48
357
310
660
95
1179
500
310
737
425
368
765
448
2350
757
292
560
323
510
335
111
566
485
950
770
866
540
442
790
698
515
445
570
336
320
285
405
479
280
220
379
880
640
559
950
180
599
535
649
369
349
858
305
639
415
210
1020
938
404
498
435
798
252
278
399
165
600
168
345
470
620
475
305
238
640
190
448
350
788
335
116
486
215
366
445
336
218
218
165
210
450
225
438
423
818
790
388
545
408
588
488
251
180
780
215
220
780
380
305
659
810
1130
627
325
1100
1080
766
247
579
803
480
288
840
429
885
685
359
474
665
370
516
536
653
415
276
258
850
190
450
260
1186
718
332
670
385
660
195
398
185
285
388
610
560
558
414
529
425
305
620
530
215
450
615
1550
685
293
520
190
368
505
399
848
505
750
536
499
249
448
865
999
1188
572
559
350
695
640
330
495
337
393
545
1085
205
599
449
408
108
958
236
668
680
330
460
999
459
720
735
980
80
372
468
340
475
470
560
229
1290
1399
636
565
400
328
517
1650
415
420
388
512
350
310
660
355
758
853
865
610
906
465
565
325
355
169
560
210
1095
402
226
570
732
665
565
450
289
910
455
307
580
888
249
520
509
214
225
655
352
530
372
1290
245
393
210
370
757
516
1150
279
809
488
208
449
1220
425
728
415
446
205
479
535
335
365
439
339
238
815
625
575
438
599
439
315
680
315
308
465
1328
588
275
518
535
429
363
839
546
405
413
329
570
630
149
705
415
940
295
1366
400
275
586
490
248
429
465
288
329
380
425
83
380
299
725
749
175
265
640
525
1159
776
1075
610
755
429
740
530
368
560
770
329
162
978
249
530
285
550
865
999
478
404
523
263
740
288
545
472
360
295
495
998
132
1020
338
428
625
176
632
255
288
1475
198
1250
380
655
349
1280
735
479
103
840
565
345
788
370
405
168
305
725
1250
805
469
1150
735
540
970
325
410
240
480
896
475
306
562
230
450
519
333
1440
355
529
510
380
309
545
720
745
440
565
252
1038
372
496
410
270
595
395
356
939
708
898
520
505
597
653
358
1210
262
519
439
499
959
240
833
153
388
1080
1410
203
890
279
350
215
574
574
340
178
950
458
673
373
638
710
430
395
480
705
195
326
208
858
680
549
208
1450
413
385
439
562
889
475
1050
810
421
810
1398
870
1650
502
370
318
1030
185
380
312
590
570
146
1260
815
389
365
307
375
575
880
676
369
1320
3150
300
229
960
310
850
1360
485
390
340
389
500
823
755
509
565
740
369
389
710
435
437
1400
509
750
428
399
339
472
536
358
585
272
325
515
428
225
515
480
939
445
805
468
249
147
539
699
308
319
293
319
900
233
314
850
275
538
349
350
389
135
360
260
350
395
279
375
699
475
598
345
395
392
170
809
478
495
1900
1585
449
549
945
388
538
305
470
510
1060
208
390
798
740
355
389
577
1490
508
210
345
395
529
325
416
495
331
362
249
559
1165
306
265
358
950
599
250
1120
383
385
340
775
190
253
515
918
324
678
398
345
630
150
550
275
528
305
360
239
335
335
343
1238
812
745
699
1230
520
532
378
406
555
359
810
415
430
612
840
401
515
333
478
380
479
435
289
580
280
548
372
345
260
1820
558
720
508
170
620
385
418
323
398
320
158
785
340
486
435
396
368
319
367
226
380
495
288
1545
289
498
648
788
895
490
343
203
303
399
249
328
348
980
599
316
449
393
455
468
615
851
360
416
285
333
1170
389
276
430
510
332
319
865
439
648
796
148
455
515
266
370
453
320
405
367
658
425
460
728
438
380
735
960
435
432
829
839
538
1646
205
828
228
545
1120
595
1366
1820
969
450
740
186
312
300
468
350
538
550
769
386
239
520
338
365
668
295
1100
333
443
1050
680
405
226
472
456
905
229
785
345
368
233
358
152
303
610
435
480
285
346
347
710
760
2736
580
248
1200
1236
480
1550
550
816
715
118
1100
1050
473
339
545
376
477
220
235
630
698
95
455
570
530
1498
299
495
465
1950
550
688
395
246
359
411
384
505
480
239
903
280
550
390
376
949
698
299
495
265
329
710
399
340
308
299
625
196
233
355
305
1400
520
249
969
437
286
385
245
685
195
540
980
213
383
465
460
699
1650
400
1030
410
325
718
362
469
638
1100
391
419
687
908
449
280
188
670
860
698
1528
425
578
485
282
480
489
329
298
629
368
387
256
918
938
457
295
240
599
518
300
335
490
1880
235
430
195
609
418
710
940
469
488
560
320
920
960
425
205
659
775
512
268
335
350
530
850
420
393
176
215
436
310
186
365
365
239
405
262
195
260
450
665
518
328
225
630
369
279
413
368
738
325
479
619
208
223
798
1330
395
2000
400
615
660
375
389
1150
596
870
438
388
410
302
439
588
415
239
330
390
180
178
201
100
230
115
750
180
187
148
155
225
210
595
145
370
188
153
220
268
122
150
160
60
270
115
120
770
730
215
295
185
218
228
198
600
415
570
1100
418
560
130
95
318
780
168
890
648
168
140
19
112
680
265
220
185
120
507
68
260
100
235
185
428
140
150
390
299
60
878
660
380
612
120
68
420
1360
385
768
165
135
165
75
2100
100
169
160
850
135
162
505
78
228
438
163
135
225
260
250
360
450
273
385
88
183
440
246
85
290
135
322
235
151
750
320
185
650
280
16
116
450
459
449
286
720
390
485
138
379
445
120
115
177
360
829
870
215
380
370
380
460
146
430
168
950
320
238
285
160
50
470
350
153
140
510
280
524
186
198
430
295
300
150
160
1120
836
208
82
210
460
136
266
550
365
700
172
580
411
160
305
125
1050
233
192
240
183
155
571
168
340
358
270
400
570
180
190
580
510
350
310
398
405
200
435
145
80
160
142
260
1250
230
370
230
338
263
385
370
456
539
280
285
298
208
500
48
238
350
140
230
128
150
148
128
249
200
230
180
249
130
450
333
440
408
450
115
330
531
253
270
200
370
100
236
738
190
1004
208
450
480
150
286
1480
210
133
400
263
75
142
340
577
220
700
178
276
290
163
335
203
254
600
410
134
165
258
268
135
105
155
472
360
870
305
118
568
700
187
517
278
458
650
360
966
345
96
230
375
148
379
1400
918
439
1180
296
400
382
554
215
460
398
314
280
165
468
506
220
185
182
138
280
85
398
626
455
405
246
150
340
1080
420
297
210
347
158
130
398
1290
160
243
987
600
106
370
155
1177
650
160
390
220
320
580
550
508
320
255
175
413
245
310
98
285
483
540
195
310
498
210
256
1167
218
260
492
382
210
150
195
112
152
420
85
265
175
130
240
60
270
888
238
188
350
270
220
220
455
425
144
380
350
950
248
320
332
480
400
265
300
90
560
297
150
480
358
335
230
85
434
200
275
320
238
210
175
135
380
160
521
192
203
229
258
260
374
188
298
315
500
1350
249
490
230
315
880
138
290
510
205
420
210
850
96
249
198
333
198
452
408
220
255
420
190
350
400
325
450
325
435
415
315
392
460
200
330
368
505
162
350
480
180
218
126
259
75
222
239
140
340
288
260
610
185
360
130
275
150
290
1050
280
551
1080
185
79
345
200
889
650
438
128
500
120
173
163
340
450
455
128
158
168
434
220
498
180
638
220
297
163
265
610
210
220
98
95
180
125
125
175
780
298
436
166
466
333
298
168
275
850
245
60
130
330
116
260
235
329
520
288
365
203
245
125
350
249
250
250
200
228
320
220
410
180
625
80
145
365
630
279
325
358
210
780
450
480
238
215
238
380
679
270
160
377
788
650
285
438
350
225
560
370
180
465
271
220
120
235
120
845
115
420
238
328
320
490
175
560
404
609
145
341
115
500
235
105
438
185
235
259
270
290
436
125
925
1120
108
423
245
148
588
679
283
168
235
310
235
150
860
508
124
145
138
2153
268
320
580
296
200
480
256
680
190
240
420
252
618
436
290
230
1329
580
500
280
218
350
350
268
259
210
202
430
155
185
450
330
400
515
439
140
1280
294
330
145
248
380
580
620
195
325
353
133
228
123
320
185
438
210
305
200
290
180
225
193
592
170
160
624
708
370
158
258
380
46
160
99
122
188
620
112
370
170
530
147
540
320
1162
182
186
520
305
295
248
180
240
360
300
1158
95
220
183
248
340
165
760
268
235
118
346
90
535
355
188
75
190
175
168
288
490
375
145
455
91
149
198
303
192
327
144
210
570
100
450
538
908
140
410
182
155
112
680
260
336
427
210
530
280
196
518
310
168
441
129
434
297
320
220
275
210
178
170
480
260
135
150
250
158
228
180
371
230
868
182
138
204
235
220
175
280
320
429
198
283
599
207
229
80
170
360
305
165
183
135
200
190
120
250
520
95
198
136
265
234
170
350
566
230
112
238
95
159
225
350
228
318
156
175
590
447
498
250
189
385
380
208
590
170
230
398
392
155
280
248
312
345
372
160
535
195
215
260
230
150
310
155
193
104
550
60
150
388
80
195
175
77
285
305
159
329
600
345
160
310
118
360
506
274
137
250
105
100
1198
310
230
195
577
248
77
120
150
168
145
140
2350
178
365
416
105
190
185
680
400
458
155
260
110
138
564
248
429
288
90
1189
710
499
165
180
350
320
240
299
110
436
418
608
458
138
442
320
210
195
490
598
330
330
169
82
300
110
235
335
320
208
310
99
482
309
388
170
218
420
210
525
160
178
160
190
740
350
373
850
90
89
330
430
130
230
220
200
498
195
160
143
1200
2220
671
175
90
1645
374
100
560
305
123
285
198
136
154
530
62
218
555
462
739
335
210
350
168
248
389
132
280
153
376
105
73
572
1052
175
178
249
651
610
194
340
218
430
288
387
190
340
230
475
192
475
120
500
500
125
315
375
209
330
512
318
430
268
125
450
216
500
102
115
265
240
580
367
3720
620
335
258
125
240
950
260
150
460
123
530
475
547
188
160
166
188
258
310
268
191
1280
485
465
160
170
148
260
168
428
456
200
188
150
390
210
115
310
395
255
390
175
405
295
130
315
285
230
185
175
285
688
630
195
700
310
480
170
510
295
240
390
72
185
190
368
246
300
398
160
555
520
380
216
235
74
200
429
180
210
153
230
358
165
630
298
320
320
555
262
580
220
198
1180
155
68
180
145
349
118
132
168
310
168
173
136
419
220
200
120
188
65
135
228
398
351
309
298
386
198
148
106
515
338
1198
248
270
370
220
146
320
90
268
230
265
135
695
147
182
800
580
750
228
175
811
435
80
318
145
88
125
207
340
227
410
510
750
105
315
80
138
480
354
360
288
535
111
480
260
210
230
248
170
240
52
140
640
890
409
216
380
438
255
435
501
410
115
350
105
47
175
468
230
412
360
138
260
160
900
640
25
62
168
223
350
140
188
419
75
308
465
150
138
655
593
168
268
610
418
1398
200
1900
70
122
488
130
340
830
238
480
136
153
54
220
52
133
471
140
315
230
275
282
245
120
360
328
205
299
280
650
238
600
238
123
430
260
170
138
260
215
556
213
225
610
370
120
420
125
230
145
210
305
142
530
150
299
261
180
170
1300
236
220
145
290
250
246
280
346
310
610
88
449
280
189
113
720
210
165
172
280
550
280
150
650
280
360
268
344
300
540
168
385
225
559
255
430
220
469
143
970
418
345
140
630
309
670
170
290
460
290
535
420
490
600
208
186
85
164
150
95
250
326
285
130
322
318
631
405
468
408
183
102
240
255
420
150
163
163
200
78
833
326
1250
245
200
165
91
327
405
415
450
299
138
330
340
235
215
720
300
65
340
363
220
149
175
215
75
172
146
300
70
238
170
210
120
651
227
320
218
268
265
265
310
76
912
590
99
280
840
195
233
139
145
190
260
379
223
525
329
730
330
500
960
320
186
1090
335
230
258
426
410
460
140
175
218
280
222
172
230
150
385
85
400
498
198
860
155
240
622
160
135
190
308
479
406
535
130
179
200
775
395
223
220
65
165
280
225
200
290
288
122
275
750
300
260
50
68
83
368
168
275
118
180
165
180
235
340
340
150
320
425
175
396
235
295
538
413
968
230
108
204
180
178
584
372
200
210
315
80
122
230
261
650
634
190
368
208
698
213
930
138
354
1200
420
351
255
328
195
200
200
434
114
65
235
230
132
528
208
152
150
146
365
150
200
335
140
152
445
550
620
220
86
220
118
320
438
128
215
328
215
125
364
200
500
520
200
492
730
135
190
143
230
195
124
586
98
255
128
189
250
256
558
360
498
170
398
360
180
160
290
921
295
320
250
330
210
265
485
465
445
420
112
760
190
150
241
436
355
200
305
510
290
245
252
546
185
60
470
215
360
795
136
280
140
243
275
280
128
460
256
249
266
310
190
162
165
420
153
688
150
248
434
68
150
370
169
140
232
275
218
188
280
348
150
510
352
370
220
250
520
295
68
195
250
310
345
434
285
760
220
650
415
895
230
159
180
718
450
165
280
1100
255
435
255
299
150
218
88
350
128
315
305
198
270
300
120
318
135
115
440
139
170
121
180
247
255
228
82
318
250
750
155
429
265
265
630
265
500
253
340
268
139
205
123
270
448
280
336
173
250
377
1200
300
148
195
432
263
285
115
180
260
89
145
150
268
260
430
348
278
115
550
188
192
220
160
445
205
195
220
382
400
170
127
120
155
480
131
190
172
250
235
350
75
365
378
223
90
320
375
240
200
138
220
630
345
400
490
437
450
380
382
555
560
400
55
305
200
515
220
296
285
430
70
780
320
308
356
232
740
228
340
449
348
116
149
218
300
398
226
708
78
352
370
350
160
268
1280
225
193
260
572
140
180
150
96
350
140
260
208
600
450
244
178
265
2071
262
370
170
780
260
126
239
368
790
260
228
108
930
365
400
560
368
398
620
106
550
302
350
650
530
230
300
468
140
175
210
320
408
204
285
195
175
248
136
220
328
520
299
335
158
198
408
925
318
316
145
300
510
270
191
188
155
170
79
310
180
120
720
105
405
130
169
198
335
350
90
145
415
130
495
305
1250
230
510
195
195
265
404
188
600
218
1085
200
89
538
1080
299
678
203
418
203
109
168
500
310
295
123
245
280
175
210
140
185
369
325
149
1150
235
149
510
330
129
130
330
248
488
150
218
210
140
58
1280
190
365
320
56
180
175
340
130
281
330
360
300
80
84
178
410
245
360
382
324
710
539
254
195
780
179
125
182
225
353
143
436
105
170
373
118
1200
465
270
225
110
130
215
468
137
386
228
315
310
228
270
159
746
139
138
280
210
275
510
693
160
280
448
250
740
118
215
264
330
182
255
230
268
300
180
110
290
413
725
106
295
73
425
132
109
500
315
450
515
422
378
118
930
338
410
633
99
1230
280
268
72
312
185
242
498
62
430
381
140
760
360
270
220
320
314
920
375
82
312
258
360
430
270
180
160
216
82
218
108
730
290
220
200
208
160
2430
73
810
308
338
428
315
46
180
360
140
1200
189
92
228
462
1050
81
195
225
256
445
580
248
460
320
320
112
160
175
160
340
280
250
365
208
175
250
330
600
110
326
400
460
155
122
418
668
139
255
280
206
120
80
128
348
235
410
500
148
400
260
388
120
555
220
170
345
329
210
375
160
300
498
189
1400
238
298
225
200
217
560
880
189
300
290
320
460
148
130
1080
275
365
309
130
240
198
210
880
365
98
175
421
320
93
200
160
420
200
185
170
138
200
145
55
311
618
320
420
245
160
700
190
168
253
210
350
436
134
210
320
199
168
100
152
93
608
180
125
406
400
168
230
223
130
493
398
225
83
268
162
301
380
260
130
135
310
510
166
143
670
552
180
1170
145
160
150
143
210
243
94
180
398
609
142
165
120
382
265
500
190
800
415
90
125
274
216
435
265
420
115
220
525
810
270
249
318
530
468
350
1200
725
439
275
139
362
290
183
135
250
120
150
350
626
298
370
160
220
278
128
173
126
108
228
320
1850
240
516
288
435
119
153
225
800
223
452
525
233
238
428
125
150
210
78
164
220
164
260
337
366
210
305
238
400
190
240
645
160
450
328
203
99
293
245
180
235
490
1060
168
928
180
195
95
225
680
433
521
275
240
155
228
310
550
750
121
208
199
2068
215
380
380
398
250
198
348
173
280
375
216
90
216
240
273
218
342
155
263
415
200
155
560
945
142
134
183
155
555
240
180
155
450
56
400
230
420
420
183
438
276
230
378
208
803
230
588
275
280
308
270
280
360
710
260
110
666
138
700
450
212
245
250
245
109
156
275
530
750
485
242
448
330
218
520
292
229
242
155
688
150
130
189
510
155
620
220
235
339
85
102
109
279
268
120
285
175
243
520
202
208
150
149
245
178
145
315
602
850
80
419
256
88
145
405
268
205
298
436
215
135
420
216
180
422
308
250
225
230
180
233
125
310
412
112
256
291
422
345
230
305
120
123
440
93
450
320
208
90
175
120
710
400
228
170
102
398
269
305
820
105
405
150
250
299
465
245
358
432
180
568
138
420
241
320
606
210
270
1100
270
168
258
128
570
315
228
120
148
118
240
460
206
320
538
192
185
210
180
179
85
225
540
520
235
120
234
152
318
620
624
369
549
496
520
238
854
587
263
316
254
299
342
323
391
609
637
403
226
456
351
470
542
407
497
1049
360
222
510
514
732
468
375
375
265
446
1387
700
465
1329
444
479
164
1338
690
316
290
170
446
572
308
207
848
2285
425
253
350
391
214
190
377
138
734
503
414
169
414
334
479
621
345
240
445
203
251
1010
241
342
151
422
431
288
370
731
195
401
287
419
464
448
188
308
230
393
462
224
311
577
535
466
304
490
404
218
529
515
643
652
685
466
407
496
551
150
989
692
294
350
253
389
390
514
942
419
357
268
609
489
715
281
322
578
778
606
380
516
620
1313
280
370
744
310
409
306
1053
510
281
451
273
1219
133
303
402
272
237
429
471
554
408
909
367
690
228
254
802
241
438
511
204
217
628
1068
293
185
396
109
782
273
1032
256
440
577
830
343
439
282
240
506
1550
775
414
575
1313
217
785
270
157
338
350
185
242
340
238
526
251
736
647
270
334
447
289
555
405
485
128
177
391
600
678
535
523
763
341
525
625
248
309
364
592
593
221
381
823
307
2000
858
417
339
454
303
706
579
369
360
231
758
762
273
422
280
347
378
821
150
1066
483
525
575
507
362
937
793
394
352
556
457
300
204
238
298
780
1050
461
276
302
679
677
260
367
269
403
556
367
349
396
750
338
463
1051
441
221
510
846
2231
414
343
178
542
200
1507
413
229
509
605
694
698
401
221
489
882
406
284
614
222
647
600
254
194
1229
334
396
639
529
404
416
228
535
186
431
517
432
300
390
690
690
298
286
525
284
247
307
461
203
362
114
368
462
433
531
406
411
387
569
281
526
944
289
366
1155
472
208
336
288
268
340
279
1071
224
173
261
395
348
367
699
345
487
298
180
193
300
256
439
217
353
514
327
2064
241
359
670
314
508
552
276
259
516
771
690
562
244
395
516
155
830
768
530
449
255
580
336
857
616
341
421
627
397
1104
375
229
358
394
812
317
627
288
982
526
174
304
300
241
435
288
566
223
259
278
812
200
551
460
255
454
404
584
956
437
372
478
391
315
500
220
341
291
188
793
449
195
572
643
456
399
875
398
650
209
390
831
300
464
247
389
442
648
639
487
573
461
447
771
160
736
461
262
650
297
256
440
334
341
293
499
624
255
469
166
451
520
681
524
462
508
172
355
418
267
447
597
207
561
244
755
329
263
424
451
296
245
374
503
260
726
370
72
350
231
1280
333
623
760
200
501
850
241
471
475
254
409
680
703
414
860
174
446
258
498
384
455
406
433
299
522
666
573
407
278
389
443
1934
664
397
341
546
377
530
487
368
229
171
235
314
412
431
245
654
434
396
409
470
272
268
1160
479
208
424
283
498
692
470
845
359
230
641
194
801
399
178
530
390
3792
1298
602
636
272
411
290
210
444
204
1390
236
670
514
466
356
627
257
288
262
592
1467
613
278
490
437
286
694
372
277
561
272
410
460
711
1073
303
694
1090
407
521
672
1284
647
266
251
560
361
221
733
501
735
106
516
757
370
786
617
464
622
506
371
264
400
237
372
239
589
340
66
348
1023
312
396
490
728
357
717
361
253
499
490
272
542
265
292
270
328
522
390
407
1000
1229
468
515
182
913
95
678
603
400
337
662
295
196
324
551
450
370
299
263
236
1740
456
236
416
602
207
477
447
1352
185
398
229
362
2066
703
745
385
1982
366
507
321
422
465
1314
317
435
303
925
660
799
195
285
322
492
397
197
439
751
569
432
466
580
356
366
511
921
371
526
679
575
776
317
369
987
164
286
420
463
1066
690
255
514
1227
364
186
485
235
358
433
254
254
451
720
1318
353
432
260
461
430
511
389
744
273
694
257
356
638
374
676
465
373
533
606
1180
414
523
641
706
1148
271
382
634
194
614
407
563
482
375
348
372
451
499
312
389
560
265
360
456
493
555
494
308
409
645
181
153
637
481
1012
302
211
185
341
309
292
211
274
551
720
459
764
1092
323
517
422
310
368
479
459
438
718
138
107
325
526
893
600
295
475
701
441
329
377
129
479
635
427
196
538
516
351
993
677
560
427
414
440
385
522
641
379
346
507
490
615
392
575
513
425
370
226
292
395
723
688
292
705
452
287
541
403
396
462
628
351
541
321
592
290
385
399
419
428
605
442
392
485
258
268
583
309
525
477
251
277
863
469
140
257
259
1248
1199
421
439
711
156
743
425
598
919
514
485
235
397
742
356
495
291
164
406
634
953
205
828
398
981
501
442
346
375
529
311
386
436
442
248
407
630
284
278
221
404
550
1175
277
960
203
477
298
431
269
703
650
721
268
530
193
397
467
685
644
288
228
464
595
707
697
402
254
259
491
323
837
316
580
366
217
2051
507
519
479
297
954
290
249
249
502
665
601
496
589
296
461
1066
358
838
504
524
209
398
238
500
788
558
844
930
224
845
874
425
841
767
559
232
560
740
343
396
310
207
505
312
411
562
246
475
854
369
850
310
545
443
248
268
438
440
469
143
206
865
506
600
1246
460
675
277
407
188
316
2201
1030
439
361
340
314
409
333
396
816
246
401
284
682
1461
133
278
770
170
168
398
808
258
914
344
418
660
514
816
550
304
297
353
536
616
1147
462
344
472
460
267
406
666
332
480
309
334
218
302
588
284
251
514
311
366
971
408
122
512
550
614
207
894
345
531
924
316
402
166
514
260
1836
380
429
420
434
361
627
278
222
279
660
409
303
627
397
508
335
556
263
371
384
635
217
455
496
248
429
340
241
405
361
702
1264
247
788
647
527
564
266
392
172
1161
393
262
326
410
995
320
724
392
345
626
472
280
861
239
319
404
442
1404
604
325
772
485
515
393
768
271
689
395
227
652
765
234
885
408
498
913
441
558
403
193
398
223
491
516
309
375
480
415
256
370
178
1493
390
626
508
682
536
922
547
837
244
632
723
336
476
285
644
330
790
388
411
692
311
338
466
371
426
495
185
214
729
336
568
187
461
450
175
146
310
79
356
178
384
314
377
618
416
460
540
366
215
320
483
299
1066
275
878
184
178
119
229
279
561
319
643
565
616
278
716
244
377
1809
393
764
685
444
306
179
457
350
290
469
876
982
494
260
521
545
931
147
466
118
1511
1269
736
617
712
439
485
510
645
128
178
226
401
221
153
318
320
868
278
603
140
535
330
222
293
1127
510
336
444
408
341
767
519
570
256
263
551
598
763
647
1080
644
386
862
371
420
316
240
1037
195
403
130
321
694
840
650
247
485
795
415
286
214
267
196
269
642
602
265
398
1049
215
348
206
774
300
410
288
659
844
352
686
65
624
373
431
1168
185
811
313
322
534
858
596
300
580
328
249
516
450
277
560
539
515
515
505
192
363
452
216
528
368
230
431
486
745
228
342
562
535
698
575
160
351
347
697
583
464
523
555
349
368
403
361
290
338
496
701
322
494
319
512
311
507
407
734
593
400
511
537
316
867
175
622
139
388
791
339
350
507
329
865
470
246
147
784
357
508
726
601
191
660
293
121
184
779
358
755
395
281
609
348
327
614
239
622
176
176
301
482
410
325
727
440
375
551
553
257
573
439
335
206
453
808
304
487
318
237
486
279
359
427
185
341
194
205
723
568
454
333
379
514
550
210
407
505
650
512
515
502
357
373
1655
527
262
481
808
350
279
703
228
331
193
280
585
470
628
211
317
280
440
284
800
338
327
554
426
227
401
622
358
267
492
418
651
202
419
236
856
386
390
456
567
215
428
439
939
495
334
392
666
407
467
514
229
455
227
502
652
947
295
311
471
244
819
197
585
450
500
594
816
399
684
800
645
183
247
238
365
242
465
421
1326
461
413
259
417
317
326
365
346
2305
959
410
388
515
800
253
440
764
170
322
187
1437
245
560
706
229
701
246
821
283
960
276
121
531
364
450
185
405
606
1039
230
111
255
412
431
1001
153
652
1415
258
635
205
503
903
702
220
431
276
248
464
278
796
460
264
402
273
319
767
451
410
687
365
466
271
345
359
368
644
1365
356
334
986
502
1277
382
813
526
1090
396
248
549
474
247
562
720
293
1998
360
166
1190
229
449
127
653
464
165
1638
340
813
204
166
469
207
1047
374
766
290
951
470
418
469
399
268
410
191
700
420
361
457
251
275
971
310
635
359
241
640
1010
420
363
1056
427
170
179
606
444
272
396
359
413
471
281
785
175
463
452
685
562
611
758
337
801
357
541
803
504
658
262
307
273
541
233
299
1118
384
469
523
459
373
320
370
289
632
268
359
850
490
606
478
312
299
329
509
293
256
405
375
653
467
490
233
387
458
506
480
525
475
493
223
421
191
900
650
650
187
303
132
360
430
660
368
383
606
625
353
397
620
351
660
730
442
637
465
276
325
293
380
627
346
470
564
583
455
993
87
926
300
293
672
408
685
224
305
488
820
823
962
590
334
322
450
279
342
294
149
228
546
726
412
293
1485
466
278
305
547
327
165
575
1169
253
600
370
298
398
195
549
658
203
406
188
472
515
697
466
438
626
302
304
867
153
1074
446
549
380
465
540
338
572
157
220
430
1057
419
472
201
432
360
990
705
537
673
160
514
152
361
294
562
577
574
566
585
272
340
525
164
287
433
595
420
214
132
946
557
457
701
214
650
369
310
284
923
371
378
185
706
184
488
890
804
474
563
620
278
131
524
216
1061
624
469
595
543
159
416
1207
365
355
308
1168
271
210
311
308
437
182
991
1128
362
643
492
265
1635
640
148
155
360
795
676
666
327
303
270
618
274
211
482
329
473
1396
573
357
673
423
1100
556
650
493
700
822
652
556
539
242
467
436
260
354
363
636
307
650
381
1993
840
530
421
262
371
285
646
685
652
880
442
328
645
939
442
191
73
344
343
345
175
307
490
504
397
337
794
282
243
544
352
240
647
706
348
258
1068
505
694
462
179
212
739
405
975
512
216
764
392
398
416
426
485
241
139
428
288
326
525
401
377
369
164
522
881
186
323
325
302
412
558
634
412
463
653
355
436
253
570
403
222
235
419
388
161
128
315
415
419
310
111
281
300
900
703
315
463
978
456
303
351
249
232
748
320
399
913
269
494
984
468
1124
488
556
412
530
182
439
618
225
374
630
649
182
295
592
148
270
1030
398
250
904
204
258
250
163
303
580
236
460
610
270
487
432
301
463
175
249
830
408
327
1143
463
851
437
595
987
1524
798
1143
634
555
724
641
1278
950
344
272
360
564
260
184
821
494
230
732
539
1776
502
432
264
406
594
309
367
279
464
500
608
348
418
366
378
364
221
564
537
246
185
284
558
364
393
525
1113
1052
566
401
1135
457
507
434
358
590
461
686
205
461
363
933
348
511
294
484
258
382
597
524
1490
364
451
454
401
308
663
541
377
320
184
326
528
334
611
359
317
579
299
892
390
564
305
882
337
606
176
548
337
450
652
209
1656
418
599
892
533
340
719
551
430
599
223
371
720
329
809
2532
580
698
483
304
926
274
295
305
834
534
921
2300
130
533
313
456
294
349
88
877
370
479
404
353
254
910
556
408
293
479
318
459
704
481
1172
283
312
146
551
398
356
123
479
883
427
320
187
720
303
732
639
254
305
289
423
180
156
509
1740
640
374
1106
492
793
166
526
1034
352
326
266
304
652
357
584
496
336
337
290
326
778
340
382
305
532
718
292
622
281
320
790
330
551
515
187
459
550
259
459
423
277
192
488
289
205
329
522
373
700
118
713
206
353
560
155
301
453
261
633
395
289
384
315
157
691
456
281
851
344
437
499
516
506
421
1141
680
801
391
467
531
616
636
447
569
321
303
284
391
407
1369
709
331
685
237
772
711
462
213
342
409
446
328
366
585
760
508
252
334
208
599
821
828
457
1095
220
431
362
841
430
422
623
1452
763
282
554
540
272
643
345
294
349
368
1044
515
413
431
175
419
363
188
288
237
173
237
650
506
943
380
318
288
141
246
702
154
469
435
215
1388
360
264
450
339
648
254
1617
1487
377
875
164
337
301
140
615
296
490
235
234
930
260
896
635
453
461
1171
1036
258
580
307
293
311
608
730
640
1162
349
591
188
286
254
460
320
301
299
186
177
550
220
398
319
509
80
505
564
346
573
326
392
1132
293
409
360
308
643
452
297
1032
255
327
380
719
468
326
656
400
409
422
175
687
1063
572
416
1232
136
354
368
337
242
180
270
440
512
526
793
254
260
733
313
763
866
475
941
120
905
265
216
675
530
323
465
531
204
216
512
665
1178
239
690
1500
235
640
681
520
550
353
164
221
146
259
595
249
1020
362
803
401
301
422
222
632
404
341
220
366
1095
91
363
535
655
701
246
368
323
424
212
522
1336
298
469
307
361
372
615
445
623
360
155
458
389
703
600
296
329
445
341
226
691
198
1352
366
624
205
606
653
468
123
306
311
244
432
289
287
606
378
1042
216
329
1054
264
368
228
104
387
317
281
144
245
465
272
170
522
2050
847
298
322
293
318
429
379
353
849
1194
292
562
303
403
419
1093
439
780
431
519
188
603
415
310
563
715
492
553
155
500
371
240
681
363
314
540
234
176
525
339
156
428
475
615
407
358
245
714
443
934
212
808
506
684
327
784
138
404
470
439
528
138
267
230
651
482
570
411
412
733
369
707
463
259
527
294
153
334
295
301
297
505
318
185
238
489
577
510
421
107
242
1580
446
1177
439
223
236
310
239
413
215
786
235
309
793
518
680
272
156
438
284
690
423
1217
597
428
266
755
883
383
460
414
660
854
1005
394
2800
1946
465
602
293
486
411
621
283
587
328
1094
615
206
200
610
225
490
587
573
426
370
270
661
625
459
476
416
585
465
1151
754
370
672
329
129
160
260
336
350
182
116
407
536
539
317
507
509
229
418
244
427
339
341
296
400
512
46
578
576
206
391
